86 78
11111111010101000110101110011110001010010000010000011101010111000000111111101000101001
11111111010101000111110101101110001101111110101110011110101100000110111111101000101001
11111111010101000110101011111000001110010100111111011111101011001000111111101000101001
11111111010101000101001100011000001000100010100000011010111101111100111111101000101001
11111111010101000101011110010000001101111101011110011010111110111000111111101000101001
11111111010101000111110101110000101001000110011111011101011111101100111111101000101001
11111111010101000110100011011100001100001010000110010100111011100000111111101000101001
11111111010101000111101001000010001010111110110000011110100110001100111111101000101001
11111111010101000101001101111100001101100010011110011110100111101000111111101000101001
11111111010101000111010000110111101000110110001000010100011000110000111111101000101001
11111111010101000111010011110111001111011101110001010100111110011000111111101000101001
11111111010101000110100010011111001001110100011000011110100011110100111111101000101001
11111111010101000111110010101111101111011010001110010100001100001100111111101000101001
11111111010101000111101000110011001100000010111001011101000111000110111111101000101001
11111111010101000111101000011110101111110100111011011100101001111110111111101000101001
11111111010101000100101111101111101101001110001111011100101000111000111111101000101001
11111111010101000111101000010010001111000101001000011101000011101100111111101000101001
11111111010101000111111001011101101001001011110000011100101111110110111111101000101001
11111111010101000110110110000110001000010111011100011110110100111000111111101000101001
11111111010101000111010000011001001000101111001000011110100000010010111111101000101001
11111111010101000101101000000111001000010010011110010110110000011110111111101000101001
11111111010101000110110010010000001000100011011000010110111011000000111111101000101001
11111111010101000111110010110111001010000111110110011100101110110000111111101000101001
11111111010101000101101111011111101100111101000011011101100101111100111111101000101001
11111111010101000101100111011000001001010000010000011110110010001110111111101000101001
11111111010101000100101111000010001111110111000101011111011010100000111111101000101001
11111111010101000110110011001111101001001000001111011100100011111010111111101000101001
11111111010101000110010000101100001111101101001111011001000110001110111111101000101001
11111111010101000111110010010001101111110111000101011110010011001100111111101000101001
11111111010101000101100011001111001001111000110110010110000110011110111111101000101001
11111111010101000110110000100100001001011100111000011100100001001110111111101000101001
11111111010101000110010011100001001011011111000100011011011111001100111111101000101001
11111111010101000100010100001111001011010000111000011100010111110010111111101000101001
11111111010101000101100000110000101000010011101110011011000010000010111111101000101001
11111111010101000101100100111111001111001100011010011110110011000100111111101000101001
11111111010101000110001001011111001100111010001110010011011100111110111111101000101001
11111111010101000111001101011000001101000001011000011100010100111000111111101000101001
11111111010101000111011001111001101010000111100010010110011111000100111111101000101001
11111111010101000111011101000111101000011110110011011001100100011110111111101000101001
11111111010101000110001001101110001011011000100000011110011010011100111111101000101001
11111111010101000111101100011000101110001011000010011101100011110110111111101000101001
11111111010101000100010001101111101101111100010010010111001000000110111111101000101001
11111111010101000110011001010000001011001100010000010011011100110000111111101000101001
11111111010101000111101100001100101111010001000010010010000011110010111111101000101001
11111111010101000101110011100111101010011000111110010111000110011100111111101000101001
11111111010101000110001000100001101110101100111100011110111011011100111111101000101001
11111111010101000111100010110110001011111101000110011000101110010000111111101000101001
11111111010101000101110000010110001100100111111010010000101101111100111111101000101001
11111111010101000111011100100001001011100111101100010001000100000010111111101000101001
11111111010101000100010111111011101000110111110100011111000100101100111111101000101001
11111111010101000110000100101111101101001111110100010011101000110000111111101000101001
11111111010101000100110001100001001100000100110111011011100110100000111111101000101001
11111111010101000110001001110100001100100011101000011000100111101100111111101000101001
11111111010101000100001000101111001011111101111011011101111010001110111111101000101001
11111111010101000100010000010100001000101000001000010011000111011000111111101000101001
11111111010101000111111011101000101100010111010000011111001100100010111111101000101001
11111111010101000100111001000011001001111101110110010000100001011110111111101000101001
11111111010101000100001010001000001000001001101100010111000111010000111111101000101001
11111111010101000111000100011000101111101000001011011011101111100100111111101000101001
11111111010101000100111000101100001110100001111101010011100011001110111111101000101001
11111111010101000110001101000001001101111011110011010000101000001000111111101000101001
11111111010101000101110010011111001001100111110001011110111001110100111111101000101001
11111111010101000100111000010001101000010100001111010111100001100110111111101000101001
11111111010101000111001110101000001111011001000111010000100100100000111111101000101001
11111111010101000100110001111100101011101111110100011100110000111010111111101000101001
11111111010101000100001101000111001101111000101100010001110100000110111111101000101001
11111111010101000110000100010001101110111000101000011100111010001000111111101000101001
11111111010101000111000010110001001111101110011001011000010111100110111111101000101001
11111111010101000111001111010011101101010011111000010011110110001100111111101000101001
11111111010101000111100111001001101110110110011100010001100110000100111111101000101001
11111111010101000111100001001101101110100110000010011000010011100010111111101000101001
11111111010101000110111110100001001101101001111000010011110010000010111111101000101001
11111111010101000110011100111001101100111001101000011101111011000010111111101000101001
11111111010101000111110011101101001010111100001000011100011001110100111111101000101001
11111111010101000110111110010100001110111111000101010011110001000010111111101000101001
11111111010101000110011100011001001000110000011010010111101111000100111111101000101001
11111111010101000101111010011110001010001111101100011111001110011010111111101000101001
11111111010101000101111100011001001001111110011101010000011010111000111111101000101001
